0.0029976367950439453
0.0019195079803466797
0.0040013790130615234
0.0060002803802490234
0.005000591278076172
0.00445866584777832
0.004999876022338867
0.005465507507324219
0.0060002803802490234
0.0049991607666015625
0.004729032516479492
0.002997159957885742
0.0019989013671875
0.0059969425201416016
0.0010006427764892578
0.003996610641479492
0.004000186920166016
0.0029990673065185547
0.001999378204345703
0.0019996166229248047
0.0009999275207519531
0.0009996891021728516
0.0019996166229248047
0.0009992122650146484
0.0009999275207519531
0.0020012855529785156
0.0010001659393310547
0.003999948501586914
0.0029993057250976562
0.0010001659393310547
0.0010001659393310547
0.0009984970092773438
0.0009992122650146484
0.0010006427764892578
0.0019974708557128906
0.002000093460083008
0.0020029544830322266
0.0
0.001996755599975586
0.002001047134399414
0.0020017623901367188
0.0009999275207519531
0.0010001659393310547
0.0029993057250976562
0.0019981861114501953
0.0009996891021728516
0.001999378204345703
0.0019996166229248047
0.0019998550415039062
0.0009996891021728516
0.0010001659393310547
0.0010020732879638672
0.0010001659393310547
0.002999544143676758
0.003999471664428711
0.00400090217590332
0.0019991397857666016
0.0019991397857666016
0.0025093555450439453
0.006999492645263672
0.006999015808105469
0.006999015808105469
0.006999492645263672
0.0019969940185546875
0.004998683929443359
0.002000570297241211
0.003999471664428711
0.002999544143676758
0.002999544143676758
0.0029997825622558594
0.0029993057250976562
0.00299835205078125
0.003000020980834961
0.0019991397857666016
0.0019974708557128906
0.002000093460083008
0.0009999275207519531
0.0010042190551757812
0.0010001659393310547
0.0
0.0
0.002917766571044922
0.0029985904693603516
0.003000020980834961
0.002000570297241211
0.0035109519958496094
0.0029990673065185547
0.0029993057250976562
0.0025153160095214844
0.0019998550415039062
0.002507925033569336
0.001999378204345703
0.0009999275207519531
0.0010020732879638672
0.0010001659393310547
0.004370689392089844
0.001999378204345703
0.0030045509338378906
0.0015032291412353516
0.003000020980834961
0.0010001659393310547
0.0010046958923339844
0.003000020980834961
0.003000497817993164
0.0029990673065185547
0.001999378204345703
0.0009999275207519531
0.001999378204345703
0.0019423961639404297
0.001999378204345703
0.0009999275207519531
0.0029993057250976562
0.001999378204345703
0.0019991397857666016
0.0030014514923095703
0.0019998550415039062
0.0010001659393310547
0.0009996891021728516
0.003510713577270508
0.001999378204345703
0.0009999275207519531
0.0
